389 8526
193 6562
527 6466
321 4907
799 8663
895 12308
990 13114
1023 1945
1063 4009
1109 7647
1757 11522
1650 10951
1582 11145
1481 11214
1402 6251
1310 13028
2327 16288
2269 12710
2192 10107
2128 6305
2048 17870
1990 13076
1880 14436
2558 13762
2440 3037
2638 9384
2783 15389
2836 7295
3473 13915
3447 13309
3402 7928
3357 4358
3305 5719
3206 12491
3755 5778
3852 7476
4431 8039
4502 13561
4598 14318
4759 15867
5283 12669
5238 12073
5094 6539
5018 17261
5666 17595
5544 13490
6703 16012
6799 12884
6834 8881
6962 16396
7119 11595
8339 15162
8143 13611
7961 10411
6111 16764
6191 12917
6339 15808
6379 12215
8868 12852
12359 13653
11948 16630
11759 16431
11021 11690
10318 13425
10475 17523
10635 15315
9554 10693
8770 10060
9942 17831
9745 17141
9162 17083
9286 17700
9488 15280
14759 17007
15499 17460
14638 17677
9303 14616
13392 14824
14008 14857
10355 14806
11353 15695
8735 15788
